('D = ', [-0.3932018749372727, 0.18440120475763525, -0.0019218146951395759, 0.0029938280000935593, 0.0])
('K = ', [1897.0229692431108, 0.0, 922.2454211901493, 0.0, 1888.2983579473635, 562.1770643997625, 0.0, 0.0, 1.0])
('R = ', [1.0, 0.0, 0.0, 0.0, 1.0, 0.0, 0.0, 0.0, 1.0])
('P = ', [1693.728271484375, 0.0, 919.7809399809194, 0.0, 0.0, 1825.9462890625, 562.7040277590568, 0.0, 0.0, 0.0, 1.0, 0.0])
None
# oST version 5.0 parameters


[image]

width
1920

height
1080

[narrow_stereo]

camera matrix
1897.022969 0.000000 922.245421
0.000000 1888.298358 562.177064
0.000000 0.000000 1.000000

distortion
-0.393202 0.184401 -0.001922 0.002994 0.000000

rectification
1.000000 0.000000 0.000000
0.000000 1.000000 0.000000
0.000000 0.000000 1.000000

projection
1693.728271 0.000000 919.780940 0.000000
0.000000 1825.946289 562.704028 0.000000
0.000000 0.000000 1.000000 0.000000

