# oST version 5.0 parameters


[image]

width
1920

height
1080

[narrow_stereo]

camera matrix
1897.022969 0.000000 922.245421
0.000000 1888.298358 562.177064
0.000000 0.000000 1.000000

distortion
-0.393202 0.184401 -0.001922 0.002994 0.000000

rectification
1.000000 0.000000 0.000000
0.000000 1.000000 0.000000
0.000000 0.000000 1.000000

projection
1693.728271 0.000000 919.780940 0.000000
0.000000 1825.946289 562.704028 0.000000
0.000000 0.000000 1.000000 0.000000

